,Equipo,Pos.,G+A-TP,TA,TR,Puntaje_TACT
21,River Plate,66.8,1.33,18,0,1.9436999999999998
8,Defensa y Justicia,59.0,3.0,11,0,1.9299999999999997
26,Talleres,61.8,1.0,4,0,1.904
7,Central Córdoba (SdE),50.5,3.83,6,0,1.7996999999999996
29,Vélez Sarsfield,62.8,0.0,12,0,1.764
20,Racing Club,55.0,3.0,18,0,1.7399999999999998
1,Argentinos Juniors,55.3,2.17,12,0,1.7343
22,Rosario Central,51.3,2.67,13,0,1.6492999999999998
2,Atlético Tucumán,51.8,1.83,9,0,1.6286999999999998
14,Independiente,53.3,1.83,17,0,1.5936999999999997
18,Newell's Old Boys,56.5,0.67,17,1,1.5653000000000001
17,Lanús,50.7,1.33,13,0,1.5107
25,Sarmiento,54.3,0.17,14,0,1.5042999999999997
6,Boca Juniors,53.8,1.33,19,2,1.5036999999999996
10,Estudiantes (LP),50.7,2.33,21,1,1.5007000000000004
0,Aldosivi,51.7,0.67,13,1,1.4613
28,Unión,52.0,0.5,11,2,1.455
16,Instituto,47.5,1.33,11,0,1.4346999999999999
15,Independiente Rivadavia,47.2,1.83,13,1,1.4307
13,Huracán,47.8,1.17,14,0,1.3992999999999998
5,Belgrano,49.8,0.5,15,1,1.3689999999999998
3,Banfield,45.3,1.0,11,0,1.339
27,Tigre,43.0,2.33,17,1,1.3097
12,Godoy Cruz,47.0,0.2,16,0,1.268
24,San Martín de San Juan,46.0,0.33,15,0,1.2597
11,Gimnasia y Esgrima (LP),44.7,0.83,18,2,1.1957
9,Deportivo Riestra,36.3,1.83,12,0,1.1337
23,San Lorenzo,39.2,1.0,18,0,1.0859999999999999
4,Barracas Central,35.0,1.83,13,0,1.0847
19,Platense,37.3,1.17,15,0,1.0742999999999998
